11,49
49,24
47,12
16,47
9,45
4,26
34,6
10,43
34,41
8,21
31,39
39,11
22,12
19,37
16,35
27,14
16,26
27,16
18,29
28,31
21,29
22,20
26,22
22,24
25,25
24,24
[][][][][][][][][][][][][][][][][][][][][][][][][][][][][][][][][][][][][][][][][][][][][][][][][][]
[]                                                                                                []
[]  [][][][][][][][][][][][][][][][][][][][][][][][][][][][][][][][][][][][][][][][][][][][][][]  []
[]  []                                                                                        []  []
[]  []  [][][][][][][][][][][][][][][][][][][][][][]  [][][][][][][][][][][][][][][][][][][]  []  []
[]  []  []                                                                                []  []  []
[]  []  []  [][][][][][][][][][][][][][][][][][][][][][][][][][][][][][][][][][][][][][]  []  []  []
[]  []  []  []                                                                        []  []  []  []
[]  []  []  []  [][][][][][][][][][][][][]  [][][][][][][][][][][][][][][][][][][][]  []  []  []  []
[]  []  []  [][][]                                                                []  []      []  []
[]  []  []  []  []  [][][][][][][][][][][][][][][][][][][][][][][][][][][][][][]  []      []  []  []
[]  []  []  []  []  []                                                        []  []  []  []  []    
[]  []  []  []  []  []  [][][][][][][][][][][][][][][][][][][][][][][][][][]  []  []  []  []  []  []
[]  []  []  []  []  []  [][]                                              []  []  []  []  []  []  []
[]  []  []  []  []  []  []  [][][][][][][][][][][][][][][][][][][][][][]  []  []  []  []  []  []  []
[]  []  []  []  []  []  []  []                                        []  []  []  []  []  []  []  []
[]  []  []  []  []  []  []  [][][][][][][][][][][][]  [][][][][][][]      []  []  []  []  []      []
[]  []  []  []  []  []  []  []  []                                []  []  []  []  []  []  []  []  []
[]  []  []  []  []  []  []  []  []  [][][][][][][][][][][]  [][]  []  []  []  []  []  []  []  []  []
[]  []  []  []  []  []  []  []  []  []                        []  []  []      []  []  []  []  []  []
[]  []  []  []  []  []  []  []  []  []  [][][][][][][][][][]  []  []  [][][]  []  []  []  []  []  []
[]  []  []  []  []  []  []  []  []  []  []                    []  []  []  []  []  []  []  []  []  []
[]  []  []  []  []  []      []  []  []      [][]  [][][]  []  []  []  []  []  []  []  []  []  []  []
[]  []  []  []  []  []  []  []  []  []  []  []        []  []  []  []  []  []  []  []  []  []  []  []
[]  []  []  []  []  []  []  []  []  []  []  []  [][]  []  []  []  []  []  []  []  []  []  []  []  []
[]  []  []  []  []  []  []  []  []  []  []  []  []!!  [][][]  []  []  []  []  []  [][][]  []  []  []
[]  []  []  []  []  []  []  []  []  []  []            []  []  []  []  []  []  []  []  []  []  []  []
[]  []  []  []  []  []  []          []  []  [][][][][][]  []  []  []  []  []  []  []  []  []  []  []
[]  []  []  []  []  []  []  []  []  []  [][]              []      []  []  []  []  []  []  []  []  []
[]  []  []  []  []  []  []  []  []  []  [][][][][][][][][][]  []  []  []  []  []  []  []  []  []  []
[]  []  []  []  []  []  []  []  []  []                        []  [][][]  []  []  []  []  []  []  []
[]  []  []  []  []  []  []  []  []  [][][][][][][][][][][][][][]  []  []  []      []  []  []  []  []
[]  []  []  []  []  []  []  []  []                                []  []  []  []  []  []  []  []  []
[]  []  []  []  []  []  []  []  [][][][][][][][][][][][][][][][][][]  []  []  []  []  []  []  []  []
[]  []  []      []  []  []  []                                        []  []  []      []  []  []  []
[]  []  []  []  []  []  []  [][][][][][][][][][][][][][][][][][][][][][]  []  []  []  []  []  []  []
[]  []  []  []  []  []  []                                                []  []  []  []  []  []  []
[]  []  []  []  []  []  [][][][][][][][][][][][][][][][][][][][][][][][][][]  []  []  []  []  []  []
[]  []  []  []  []  []                                                        []  []  []  []  []  []
[]  []  []  []  []  []  [][][][][][][][][][][][][][][][][][][][][][][][][][][][]  []  []  []  []  []
[]  []  []  []  []                                                                []  []  []  []  []
[]  []  []  []  [][][][][][][][][][][][][][][][][][][][][][][][][][][][][][][][][][]  []  []  []  []
[]  []  []  []                                                                        []  []  []  []
[]  []  []  [][][][][][][][][][][][][][][][][][][][][][][][][][][][][][][][][][][][][][]  []  []  []
[]  []  []                                                                                []  []  []
[]  []  [][][][][][][][][][][][][][][][][][][][][][][][][][][][][][][][][][][][][][][][][][]  []  []
[]  []                                                                                        []  []
[]  [][][][][][][][][][]  [][][][][][][][][][][][][][][][][][][][][][][][][][][][][][][][][][][]  []
[]                                                                                                []
[][][][][][][][][][][][][][][][][][][][][][][][]  [][][][][][][][][][][][][][][][][][][][][][][][][]

