34 35
[]-1[]-1[]-1[]-1[]-1[]-1[]-1[]-1[]-1[]-1[]-1[]-1[]-1[]-1[]-1[]-1[]-1[]-1[]-1[]-1[]-1[]-1[]-1[]-1[]-1[]-1[]-1[]-1[]-1[]-1[]-1[]-1[]-1[]-1[]-1[]-1[]-1[]-1[]-1[]-1[]-1[]-1[]-1[]-1[]-1[]-1[]-1[]-1[]-1[]-1[]-1[]-1[]-1[]-1[]-1[]-1[]-1[]-1[]-1[]-1[]-1[]-1[]-1[]-1[]-1[]-1[]-1[]-1[]-1[]-1
[]-1  -1  -1  -1  -1  -1  -1  -1  -1  -1  -1  -1  -1  -1  -1  -1  -1  -1  -1  -1  -1  -1  -1  -1  -1  -1  -1  -1  -1  -1  -1  -1  -1  -1  -1  -1  -1  -1  -1  -1  -1  -1  -1  -1  -1  -1  -1  -1  -1  -1  -1  -1  -1  -1  -1  -1  -1  -1  -1  -1  -1  -1  -1  -1  -1  -1  -1  -1  -1[]-1
[]-1  -1[]-1[]-1[]-1[]-1[]-1[]-1[]-1[]-1[]-1[]-1[]-1[]-1[]-1[]-1[]-1[]-1[]-1[]-1[]-1[]-1  -1[]-1[]-1[]-1[]-1[]-1[]-1[]-1[]-1[]-1[]-1[]-1[]-1[]-1[]-1[]-1[]-1[]-1[]-1[]-1[]-1[]-1[]-1[]-1[]-1[]-1[]-1[]-1[]-1[]-1[]-1[]-1[]-1[]-1[]-1[]-1[]-1[]-1[]-1[]-1[]-1[]-1[]-1[]-1[]-1[]-1  -1[]-1
[]-1  -1[]-1  -1  -1  -1  -1  -1  -1  -1  -1  -1  -1  -1  -1  -1  -1  -1  -1  -1  -1  -1  -1  -1  -1  -1  -1  -1  -1  -1  -1  -1  -1  -1  -1  -1  -1  -1  -1  -1  -1  -1  -1  -1  -1  -1  -1  -1  -1  -1  -1  -1  -1  -1  -1  -1  -1  -1  -1  -1  -1  -1  -1  -1  -1  -1  -1[]-1  -1[]-1
[]-1  -1[]-1  -1[]-1[]-1[]-1[]-1  -1[]-1[]-1[]-1[]-1[]-1[]-1[]-1[]-1[]-1[]-1[]-1[]-1[]-1[]-1[]-1[]-1[]-1[]-1[]-1[]-1[]-1[]-1[]-1[]-1[]-1[]-1[]-1[]-1[]-1[]-1[]-1[]-1[]-1[]-1[]-1[]-1[]-1[]-1[]-1[]-1[]-1[]-1[]-1[]-1[]-1[]-1[]-1[]-1[]-1[]-1[]-1[]-1[]-1[]-1[]-1[]-1[]-1  -1[]-1  -1[]-1
[]-1  -1[]-1  -1[]-1  -1  -1  -1  -1  -1  -1  -1  -1  -1  -1  -1  -1  -1  -1  -1  -1  -1  -1  -1  -1  -1  -1  -1  -1  -1  -1  -1  -1  -1  -1  -1  -1  -1  -1  -1  -1  -1  -1  -1  -1  -1  -1  -1  -1  -1  -1  -1  -1  -1  -1  -1  -1  -1  -1  -1  -1  -1  -1  -1  -1[]-1  -1[]-1  -1[]-1
[]-1  -1[]-1  -1[]-1  -1[]-1[]-1[]-1[]-1[]-1[]-1[]-1[]-1[]-1[]-1[]-1[]-1[]-1[]-1[]-1[]-1[]-1[]-1[]-1[]-1[]-1[]-1[]-1[]-1[]-1[]-1[]-1[]-1[]-1[]-1[]-1[]-1[]-1[]-1[]-1[]-1[]-1[]-1[]-1[]-1[]-1[]-1  -1[]-1[]-1[]-1[]-1[]-1[]-1[]-1[]-1[]-1[]-1[]-1[]-1[]-1[]-1[]-1  -1[]-1  -1[]-1  -1[]-1
[]-1  -1[]-1  -1[]-1  -1[]-1  -1  -1  -1  -1  -1  -1  -1  -1  -1  -1  -1  -1  -1  -1  -1  -1  -1  -1  -1  -1  -1  -1  -1  -1  -1  -1  -1  -1  -1  -1  -1  -1  -1  -1  -1  -1  -1  -1  -1  -1  -1  -1  -1  -1  -1  -1  -1  -1  -1  -1  -1  -1  -1  -1  -1  -1[]-1  -1[]-1  -1[]-1  -1[]-1
[]-1  -1[]-1  -1[]-1  -1[]-1  -1[]-1[]-1[]-1[]-1[]-1[]-1[]-1[]-1[]-1[]-1[]-1[]-1[]-1[]-1[]-1[]-1[]-1[]-1[]-1[]-1[]-1[]-1[]-1[]-1[]-1[]-1[]-1[]-1[]-1[]-1[]-1[]-1[]-1[]-1[]-1[]-1[]-1[]-1[]-1[]-1[]-1[]-1[]-1[]-1[]-1[]-1[]-1[]-1[]-1[]-1[]-1[]-1[]-1[]-1  -1[]-1  -1[]-1  -1[]-1  -1[]-1
[]-1  -1[]-1  -1[]-1  -1[]-1  -1[]-1  -1  -1  -1  -1  -1  -1  -1  -1  -1  -1  -1  -1  -1  -1  -1  -1  -1  -1  -1  -1  -1  -1  -1  -1  -1  -1  -1  -1  -1  -1  -1  -1  -1  -1  -1  -1  -1  -1  -1  -1  -1  -1  -1  -1  -1  -1  -1  -1  -1  -1  -1  -1[]-1  -1[]-1  -1[]-1  -1[]-1  -1[]-1
[]-1  -1[]-1  -1[]-1  -1[]-1  -1[]-1  -1[]-1[]-1[]-1[]-1[]-1[]-1[]-1[]-1[]-1[]-1[]-1[]-1[]-1[]-1[]-1[]-1[]-1[]-1[]-1[]-1[]-1[]-1[]-1[]-1[]-1[]-1[]-1[]-1[]-1[]-1[]-1[]-1[]-1[]-1[]-1[]-1[]-1[]-1[]-1[]-1[]-1[]-1[]-1[]-1[]-1[]-1[]-1[]-1[]-1[]-1  -1[]-1  -1[]-1  -1  -1  -1[]-1  -1[]-1
[]-1  -1[]-1  -1[]-1  -1[]-1  -1[]-1  -1[]-1  -1  -1  -1  -1  -1  -1  -1  -1  -1  -1  -1  -1  -1  -1  -1  -1  -1  -1  -1  -1  -1  -1  -1  -1  -1  -1  -1  -1  -1  -1  -1  -1  -1  -1  -1  -1  -1  -1  -1  -1  -1  -1  -1  -1  -1  -1  -1  -1[]-1  -1[]-1  -1[]-1  -1[]-1  -1[]-1  -1[]-1
[]-1  -1[]-1  -1[]-1  -1[]-1  -1[]-1  -1[]-1  -1[]-1[]-1[]-1[]-1[]-1[]-1[]-1[]-1[]-1[]-1[]-1[]-1[]-1[]-1[]-1[]-1[]-1[]-1[]-1[]-1[]-1[]-1[]-1[]-1[]-1[]-1[]-1[]-1[]-1[]-1[]-1[]-1[]-1[]-1[]-1[]-1[]-1[]-1[]-1[]-1[]-1[]-1[]-1[]-1[]-1[]-1  -1[]-1  -1[]-1  -1[]-1  -1[]-1  -1[]-1  -1[]-1
[]-1  -1[]-1  -1[]-1  -1[]-1  -1[]-1  -1[]-1  -1[]-1  -1  -1  -1  -1  -1  -1  -1  -1  -1  -1  -1  -1  -1  -1  -1  -1  -1  -1  -1  -1  -1  -1  -1  -1  -1  -1  -1  -1  -1  -1  -1  -1  -1  -1  -1  -1  -1  -1  -1  -1  -1  -1  -1  -1[]-1  -1[]-1  -1[]-1  -1[]-1  -1[]-1  -1[]-1  -1[]-1
[]-1  -1[]-1  -1[]-1  -1[]-1  -1[]-1  -1[]-1  -1[]-1  -1[]-1[]-1[]-1[]-1[]-1  -1[]-1[]-1[]-1[]-1[]-1[]-1[]-1[]-1[]-1[]-1[]-1[]-1[]-1[]-1[]-1[]-1[]-1[]-1[]-1[]-1[]-1[]-1[]-1[]-1[]-1[]-1[]-1[]-1[]-1[]-1[]-1[]-1[]-1[]-1[]-1[]-1  -1[]-1  -1[]-1  -1[]-1  -1[]-1  -1[]-1  -1[]-1  -1[]-1
[]-1  -1[]-1  -1[]-1  -1[]-1  -1[]-1  -1[]-1  -1[]-1  -1[]-1  -1  -1  -1  -1  -1  -1  -1  -1  -1  -1  -1  -1  -1  -1  -1  -1  -1  -1  -1  -1  -1  -1  -1  -1  -1  -1  -1  -1  -1  -1  -1  -1  -1  -1  -1  -1  -1  -1  -1  -1[]-1  -1[]-1  -1[]-1  -1[]-1  -1[]-1  -1[]-1  -1[]-1  -1[]-1
[]-1  -1[]-1  -1[]-1  -1[]-1  -1[]-1  -1[]-1  -1[]-1  -1[]-1  -1[]-1[]-1[]-1[]-1[]-1[]-1[]-1[]-1[]-1[]-1[]-1[]-1[]-1[]-1[]-1[]-1[]-1[]-1[]-1[]-1[]-1[]-1[]-1[]-1[]-1[]-1[]-1[]-1[]-1[]-1[]-1[]-1[]-1[]-1[]-1[]-1[]-1[]-1  -1[]-1  -1[]-1  -1[]-1  -1[]-1  -1[]-1  -1[]-1  -1[]-1  -1[]-1
[]-1  -1[]-1  -1[]-1  -1[]-1  -1[]-1  -1  -1  -1[]-1  -1[]-1  -1[]-1  -1  -1  -1  -1  -1  -1  -1  -1  -1  -1  -1  -1  -1  -1  -1  -1  -1  -1  -1  -1  -1  -1  -1  -1  -1  -1  -1  -1  -1  -1  -1  -1  -1  -1  -1  -1[]-1  -1[]-1  -1[]-1  -1[]-1  -1[]-1  -1[]-1  -1[]-1  -1[]-1  -1[]-1
[]-1  -1[]-1  -1[]-1  -1[]-1  -1[]-1  -1[]-1  -1[]-1  -1[]-1  -1[]-1  -1[]-1[]-1[]-1[]-1[]-1[]-1[]-1[]-1[]-1[]-1[]-1[]-1[]-1[]-1[]-1[]-1[]-1[]-1[]-1[]-1[]-1[]-1[]-1[]-1[]-1[]-1[]-1[]-1[]-1[]-1[]-1[]-1[]-1[]-1  -1[]-1  -1[]-1  -1  -1  -1[]-1  -1[]-1  -1[]-1  -1[]-1  -1[]-1  -1[]-1
[]-1  -1[]-1  -1[]-1  -1[]-1  -1[]-1  -1[]-1  -1[]-1  -1[]-1  -1[]-1  -1[]-1  -1  -1  -1  -1  -1  -1  -1  -1  -1  -1  -1  -1  -1  -1  -1  -1  -1  -1  -1  -1  -1  -1  -1  -1  -1  -1  -1  -1  -1  -1  -1  -1[]-1  -1[]-1  -1[]-1  -1[]-1  -1[]-1  -1[]-1  -1[]-1  -1[]-1  -1[]-1  -1[]-1
[]-1  -1[]-1  -1[]-1  -1[]-1  -1[]-1  -1[]-1  -1[]-1  -1[]-1  -1[]-1  -1[]-1  -1[]-1[]-1[]-1[]-1[]-1[]-1[]-1[]-1[]-1[]-1[]-1[]-1[]-1[]-1[]-1[]-1[]-1[]-1[]-1[]-1[]-1[]-1[]-1[]-1[]-1[]-1[]-1[]-1[]-1[]-1  -1[]-1  -1[]-1  -1[]-1  -1[]-1  -1[]-1  -1[]-1  -1[]-1  -1[]-1  -1[]-1  -1[]-1
[]-1  -1[]-1  -1[]-1  -1[]-1  -1[]-1  -1[]-1  -1[]-1  -1[]-1  -1[]-1  -1[]-1  -1[]-1  -1  -1  -1  -1  -1  -1  -1  -1  -1  -1  -1  -1  -1  -1  -1  -1  -1  -1  -1  -1  -1  -1  -1  -1  -1  -1  -1  -1[]-1  -1[]-1  -1[]-1  -1[]-1  -1[]-1  -1[]-1  -1[]-1  -1[]-1  -1[]-1  -1[]-1  -1[]-1
[]-1  -1[]-1  -1[]-1  -1[]-1  -1[]-1  -1[]-1  -1[]-1  -1[]-1  -1[]-1  -1[]-1  -1[]-1  -1[]-1[]-1[]-1[]-1[]-1[]-1[]-1[]-1[]-1[]-1[]-1[]-1[]-1[]-1[]-1[]-1[]-1[]-1[]-1[]-1[]-1[]-1[]-1[]-1[]-1[]-1  -1[]-1  -1[]-1  -1[]-1  -1[]-1  -1[]-1  -1[]-1  -1[]-1  -1[]-1  -1[]-1  -1[]-1  -1[]-1
[]-1  -1[]-1  -1[]-1  -1[]-1  -1[]-1  -1[]-1  -1[]-1  -1[]-1  -1[]-1  -1[]-1  -1[]-1  -1[]-1  -1  -1  -1  -1  -1  -1  -1  -1  -1  -1  -1  -1  -1  -1  -1  -1  -1  -1  -1  -1  -1  -1  -1  -1[]-1  -1  -1  -1[]-1  -1[]-1  -1[]-1  -1[]-1  -1[]-1  -1[]-1  -1[]-1  -1[]-1  -1[]-1  -1[]-1
[]-1  -1[]-1  -1[]-1  -1[]-1  -1[]-1  -1[]-1  -1  -1  -1  -1  -1[]-1  -1[]-1  -1[]-1  -1[]-1  -1[]-1[]-1[]-1[]-1[]-1[]-1[]-1[]-1[]-1[]-1[]-1[]-1[]-1[]-1[]-1[]-1[]-1[]-1[]-1[]-1[]-1[]-1  -1[]-1  -1[]-1  -1[]-1  -1[]-1  -1[]-1  -1[]-1  -1[]-1  -1[]-1  -1[]-1  -1[]-1  -1[]-1  -1[]-1
[]-1  -1[]-1  -1[]-1  -1[]-1  -1[]-1  -1[]-1  -1[]-1  -1[]-1  -1[]-1  -1[]-1  -1[]-1  -1[]-1  -1[]-1  -1  -1  -1  -1  -1  -1  -1  -1  -1  -1  -1  -1  -1  -1  -1  -1  -1  -1  -1  -1[]-1  -1[]-1  -1[]-1  -1[]-1  -1[]-1  -1[]-1  -1[]-1  -1[]-1  -1[]-1  -1[]-1  -1[]-1  -1[]-1  -1[]-1
[]-1  -1[]-1  -1[]-1  -1[]-1  -1[]-1  -1[]-1  -1[]-1  -1[]-1  -1[]-1  -1[]-1  -1[]-1  -1[]-1  -1[]-1  -1[]-1[]-1[]-1[]-1[]-1[]-1[]-1[]-1[]-1[]-1[]-1[]-1  -1[]-1[]-1[]-1[]-1[]-1  -1[]-1  -1[]-1  -1[]-1  -1[]-1  -1[]-1  -1[]-1  -1[]-1  -1[]-1  -1[]-1  -1[]-1  -1[]-1  -1[]-1  -1NN-1
[]-1  -1[]-1  -1[]-1  -1[]-1  -1[]-1  -1[]-1  -1[]-1  -1[]-1  -1[]-1  -1[]-1  -1[]-1  -1  -1  -1  -1  -1[]-1  -1  -1  -1  -1  -1  -1  -1  -1  -1  -1  -1  -1  -1  -1  -1[]-1[]-1  -1[]-1  -1[]-1  -1[]-1  -1[]-1  -1[]-1  -1[]-1  -1[]-1  -1[]-1  -1[]-1  -1[]-1  -1[]-1  -1[]-1  -1[]-1
[]-1  -1[]-1  -1[]-1  -1[]-1  -1[]-1  -1[]-1  -1[]-1  -1[]-1  -1[]-1  -1[]-1  -1[]-1  -1[]-1  -1[]-1  -1[]-1  -1[]-1[]-1[]-1[]-1[]-1[]-1[]-1[]-1[]-1[]-1[]-1  -1[]-1[]-1  -1[]-1  -1[]-1  -1[]-1  -1[]-1  -1[]-1  -1[]-1  -1[]-1  -1[]-1  -1[]-1  -1[]-1  -1[]-1  -1[]-1  -1[]-1  -1[]-1
[]-1  -1[]-1  -1[]-1  -1[]-1  -1[]-1  -1[]-1  -1[]-1  -1[]-1  -1[]-1  -1[]-1  -1[]-1  -1[]-1  -1[]-1  -1[]-1  -1[]-1  -1  -1  -1  -1  -1  -1  -1  -1  -1  -1  -1  -1[]-1  -1[]-1  -1[]-1  -1[]-1  -1[]-1  -1[]-1  -1[]-1  -1[]-1  -1[]-1  -1[]-1  -1[]-1  -1[]-1  -1[]-1  -1[]-1  -1[]-1
[]-1  -1[]-1  -1[]-1  -1[]-1  -1[]-1  -1[]-1  -1[]-1  -1[]-1  -1[]-1  -1[]-1  -1[]-1  -1[]-1  -1[]-1  -1[]-1  -1[]-1  -1[]-1[]-1[]-1[]-1[]-1[]-1[]-1[]-1[]-1[]-1  -1[]-1  -1[]-1  -1[]-1  -1[]-1  -1[]-1  -1[]-1  -1[]-1  -1[]-1  -1[]-1  -1[]-1  -1[]-1  -1[]-1  -1[]-1  -1[]-1  -1[]-1
[]-1  -1[]-1  -1[]-1  -1[]-1  -1[]-1  -1[]-1  -1[]-1  -1[]-1  -1[]-1  -1[]-1  -1[]-1  -1[]-1  -1[]-1  -1[]-1  -1[]-1  -1[]-1  -1  -1  -1  -1  -1  -1  -1  -1[]-1  -1[]-1  -1[]-1  -1[]-1  -1[]-1  -1[]-1  -1[]-1  -1[]-1  -1[]-1  -1[]-1  -1[]-1  -1[]-1  -1[]-1  -1[]-1  -1[]-1  -1[]-1
[]-1  -1[]-1  -1[]-1  -1[]-1  -1[]-1  -1[]-1  -1[]-1  -1[]-1  -1[]-1  -1[]-1  -1[]-1  -1[]-1[]-1[]-1[]-1[]-1  -1[]-1  -1[]-1  -1[]-1[]-1[]-1[]-1  -1[]-1  -1[]-1  -1[]-1  -1[]-1  -1[]-1  -1[]-1  -1[]-1  -1[]-1  -1[]-1  -1[]-1  -1[]-1  -1[]-1  -1[]-1  -1[]-1  -1[]-1  -1[]-1  -1[]-1
[]-1  -1[]-1  -1[]-1  -1[]-1  -1[]-1  -1[]-1  -1[]-1  -1[]-1  -1[]-1  -1[]-1  -1[]-1  -1[]-1  -1[]-1  -1[]-1  -1[]-1  -1[]-1  -1[]-1  -1  -1  -1  -1[]-1  -1[]-1  -1[]-1  -1[]-1  -1[]-1  -1[]-1  -1[]-1  -1[]-1  -1[]-1  -1[]-1  -1[]-1  -1[]-1  -1[]-1  -1[]-1  -1[]-1  -1[]-1  -1[]-1
[]-1  -1[]-1  -1[]-1  -1[]-1  -1[]-1  -1[]-1  -1[]-1  -1[]-1  -1[]-1  -1[]-1  -1[]-1  -1[]-1  -1[]-1  -1[]-1  -1[]-1  -1  -1[]-1  -1  -1[]-1!!-1  -1[]-1  -1  -1  -1  -1  -1[]-1  -1[]-1  -1[]-1  -1[]-1  -1[]-1  -1[]-1  -1[]-1  -1[]-1  -1[]-1  -1[]-1  -1[]-1  -1[]-1  -1[]-1  -1[]-1
[]-1  -1[]-1  -1[]-1  -1[]-1  -1[]-1  -1[]-1  -1[]-1  -1[]-1  -1[]-1  -1[]-1  -1[]-1  -1[]-1  -1[]-1  -1[]-1  -1[]-1  -1[]-1  -1[]-1  -1[]-1[]-1  -1[]-1  -1[]-1  -1[]-1  -1[]-1  -1[]-1  -1[]-1  -1[]-1  -1[]-1  -1[]-1  -1[]-1  -1[]-1  -1[]-1  -1[]-1  -1[]-1  -1[]-1  -1[]-1  -1[]-1
[]-1  -1[]-1  -1[]-1  -1[]-1  -1[]-1  -1[]-1  -1[]-1  -1[]-1  -1[]-1  -1[]-1  -1[]-1  -1[]-1  -1[]-1  -1[]-1  -1[]-1  -1[]-1  -1[]-1  -1  -1  -1  -1[]-1  -1[]-1  -1[]-1  -1[]-1  -1[]-1  -1[]-1  -1[]-1  -1[]-1  -1[]-1  -1[]-1  -1[]-1  -1[]-1  -1[]-1  -1[]-1  -1[]-1  -1[]-1  -1[]-1
[]-1  -1[]-1  -1[]-1  -1[]-1  -1[]-1  -1[]-1  -1[]-1  -1[]-1  -1[]-1  -1[]-1  -1[]-1  -1[]-1  -1[]-1  -1[]-1  -1[]-1  -1[]-1  -1[]-1[]-1[]-1[]-1[]-1[]-1  -1[]-1  -1[]-1  -1[]-1  -1  -1  -1[]-1  -1[]-1  -1[]-1  -1[]-1  -1[]-1  -1[]-1  -1[]-1  -1[]-1  -1[]-1  -1[]-1  -1[]-1  -1[]-1
[]-1  -1[]-1  -1[]-1  -1[]-1  -1[]-1  -1[]-1  -1[]-1  -1[]-1  -1[]-1  -1  -1  -1[]-1  -1[]-1  -1[]-1  -1[]-1  -1[]-1  -1[]-1  -1  -1  -1  -1  -1  -1  -1  -1[]-1  -1[]-1  -1[]-1  -1[]-1  -1[]-1  -1[]-1  -1[]-1  -1[]-1  -1[]-1  -1[]-1  -1[]-1  -1[]-1  -1[]-1  -1[]-1  -1[]-1  -1[]-1
[]-1  -1[]-1  -1[]-1  -1[]-1  -1[]-1  -1[]-1  -1[]-1  -1[]-1  -1[]-1  -1[]-1  -1[]-1  -1[]-1  -1[]-1  -1[]-1  -1[]-1  -1[]-1[]-1[]-1[]-1[]-1[]-1[]-1[]-1[]-1[]-1  -1[]-1  -1[]-1  -1[]-1  -1[]-1  -1[]-1  -1[]-1  -1[]-1  -1[]-1  -1[]-1  -1[]-1  -1[]-1  -1[]-1  -1[]-1  -1[]-1  -1[]-1
[]-1  -1[]-1  -1[]-1  -1[]-1  -1[]-1  -1[]-1  -1[]-1  -1[]-1  -1[]-1  -1[]-1  -1[]-1  -1[]-1  -1[]-1  -1[]-1  -1[]-1  -1  -1  -1  -1  -1  -1  -1  -1  -1  -1  -1  -1[]-1  -1[]-1  -1[]-1  -1[]-1  -1[]-1  -1[]-1  -1[]-1  -1[]-1  -1[]-1  -1[]-1  -1[]-1  -1[]-1  -1[]-1  -1[]-1  -1[]-1
[]-1  -1[]-1  -1[]-1  -1[]-1  -1[]-1  -1[]-1  -1[]-1  -1[]-1  -1[]-1  -1[]-1  -1[]-1  -1[]-1  -1[]-1  -1[]-1  -1[]-1[]-1[]-1[]-1[]-1[]-1[]-1[]-1[]-1[]-1[]-1[]-1[]-1[]-1  -1[]-1  -1[]-1  -1[]-1  -1[]-1  -1[]-1  -1  -1  -1[]-1  -1[]-1  -1[]-1  -1[]-1  -1[]-1  -1[]-1  -1[]-1  -1[]-1
[]-1  -1[]-1  -1[]-1  -1[]-1  -1[]-1  -1[]-1  -1[]-1  -1[]-1  -1[]-1  -1[]-1  -1[]-1  -1[]-1  -1[]-1  -1[]-1  -1  -1  -1  -1  -1  -1  -1[]-1  -1  -1  -1  -1  -1  -1  -1  -1[]-1[]-1[]-1  -1[]-1  -1[]-1  -1[]-1  -1[]-1  -1[]-1  -1[]-1  -1[]-1  -1[]-1  -1[]-1  -1[]-1  -1[]-1  -1[]-1
[]-1  -1[]-1  -1[]-1  -1[]-1  -1[]-1  -1[]-1  -1[]-1  -1[]-1  -1[]-1  -1[]-1  -1[]-1  -1[]-1  -1[]-1  -1[]-1[]-1[]-1[]-1[]-1[]-1[]-1[]-1[]-1[]-1[]-1[]-1[]-1  -1[]-1[]-1[]-1[]-1  -1[]-1[]-1  -1  -1[]-1  -1[]-1  -1[]-1  -1[]-1  -1[]-1  -1[]-1  -1[]-1  -1[]-1  -1[]-1  -1[]-1  -1[]-1
[]-1  -1[]-1  -1[]-1  -1[]-1  -1[]-1  -1[]-1  -1[]-1  -1[]-1  -1[]-1  -1[]-1  -1[]-1  -1[]-1  -1[]-1  -1  -1  -1  -1  -1  -1  -1  -1  -1  -1  -1  -1  -1  -1  -1  -1  -1  -1  -1  -1[]-1  -1[]-1  -1[]-1  -1[]-1  -1[]-1  -1[]-1  -1[]-1  -1[]-1  -1[]-1  -1[]-1  -1[]-1  -1[]-1  -1[]-1
[]-1  -1[]-1  -1[]-1  -1[]-1  -1[]-1  -1[]-1  -1[]-1  -1[]-1  -1[]-1  -1[]-1  -1[]-1  -1[]-1  -1[]-1[]-1[]-1[]-1[]-1[]-1[]-1[]-1[]-1[]-1[]-1[]-1[]-1[]-1[]-1[]-1[]-1[]-1[]-1[]-1[]-1[]-1  -1[]-1  -1[]-1  -1[]-1  -1[]-1  -1[]-1  -1[]-1  -1[]-1  -1[]-1  -1[]-1  -1[]-1  -1[]-1  -1[]-1
[]-1  -1[]-1  -1[]-1  -1[]-1  -1[]-1  -1[]-1  -1[]-1  -1[]-1  -1[]-1  -1[]-1  -1[]-1  -1[]-1  -1  -1  -1  -1  -1  -1  -1  -1  -1  -1  -1  -1  -1  -1  -1  -1  -1  -1  -1  -1  -1  -1  -1  -1[]-1  -1[]-1  -1[]-1  -1[]-1  -1[]-1[]-1[]-1  -1[]-1  -1[]-1  -1[]-1  -1[]-1  -1[]-1  -1[]-1
[]-1  -1[]-1  -1[]-1  -1[]-1  -1[]-1  -1[]-1  -1[]-1  -1[]-1  -1[]-1  -1[]-1  -1[]-1  -1[]-1[]-1[]-1[]-1[]-1[]-1[]-1[]-1[]-1[]-1[]-1[]-1[]-1[]-1[]-1[]-1[]-1[]-1[]-1[]-1[]-1[]-1[]-1[]-1[]-1[]-1  -1[]-1  -1[]-1  -1[]-1  -1[]-1  -1[]-1  -1[]-1  -1[]-1  -1[]-1  -1[]-1  -1[]-1  -1[]-1
[]-1  -1[]-1  -1[]-1  -1[]-1  -1[]-1  -1[]-1  -1[]-1  -1[]-1  -1[]-1  -1[]-1  -1[]-1  -1  -1  -1  -1  -1  -1  -1  -1  -1  -1  -1  -1  -1  -1  -1  -1  -1  -1  -1  -1  -1  -1  -1  -1  -1  -1  -1  -1[]-1  -1[]-1  -1[]-1  -1[]-1  -1[]-1  -1[]-1  -1[]-1  -1[]-1  -1[]-1  -1[]-1  -1[]-1
[]-1  -1[]-1  -1[]-1  -1[]-1  -1[]-1  -1[]-1  -1[]-1  -1[]-1  -1[]-1  -1[]-1  -1[]-1[]-1[]-1[]-1  -1[]-1[]-1[]-1[]-1[]-1[]-1[]-1[]-1[]-1[]-1[]-1[]-1[]-1[]-1[]-1[]-1[]-1[]-1[]-1[]-1[]-1[]-1[]-1[]-1[]-1  -1[]-1  -1[]-1  -1[]-1  -1[]-1  -1[]-1  -1[]-1  -1  -1  -1[]-1  -1[]-1  -1[]-1
[]-1  -1[]-1  -1[]-1  -1[]-1  -1[]-1  -1[]-1  -1[]-1  -1[]-1  -1[]-1  -1[]-1  -1  -1  -1  -1  -1  -1  -1  -1  -1  -1  -1  -1  -1  -1  -1  -1  -1  -1  -1  -1  -1  -1  -1  -1  -1  -1  -1  -1  -1  -1  -1  -1[]-1  -1[]-1  -1[]-1  -1[]-1  -1[]-1  -1  -1  -1[]-1  -1[]-1  -1[]-1  -1[]-1
[]-1  -1[]-1  -1[]-1  -1[]-1  -1[]-1  -1[]-1  -1[]-1  -1[]-1  -1[]-1  -1[]-1[]-1[]-1[]-1[]-1[]-1[]-1[]-1[]-1[]-1[]-1[]-1[]-1[]-1[]-1[]-1[]-1  -1[]-1[]-1[]-1[]-1[]-1[]-1[]-1[]-1[]-1[]-1[]-1[]-1[]-1[]-1[]-1[]-1  -1[]-1  -1[]-1  -1[]-1  -1[]-1  -1[]-1  -1[]-1  -1[]-1  -1[]-1  -1[]-1
[]-1  -1[]-1  -1[]-1  -1[]-1  -1[]-1  -1[]-1  -1[]-1  -1[]-1  -1[]-1  -1  -1  -1  -1  -1  -1  -1  -1  -1  -1  -1  -1  -1  -1  -1  -1  -1  -1  -1  -1  -1  -1  -1  -1  -1  -1  -1  -1  -1  -1  -1  -1  -1  -1  -1  -1[]-1  -1[]-1  -1[]-1  -1[]-1  -1[]-1  -1[]-1  -1[]-1  -1[]-1  -1[]-1
[]-1  -1[]-1  -1[]-1  -1[]-1  -1[]-1  -1[]-1  -1[]-1  -1[]-1  -1[]-1[]-1[]-1[]-1[]-1[]-1[]-1  -1[]-1[]-1[]-1[]-1[]-1[]-1[]-1[]-1[]-1[]-1[]-1[]-1[]-1[]-1[]-1[]-1[]-1[]-1[]-1[]-1[]-1[]-1[]-1[]-1[]-1[]-1[]-1[]-1[]-1[]-1  -1[]-1  -1[]-1  -1[]-1  -1[]-1  -1[]-1  -1[]-1  -1[]-1  -1[]-1
[]-1  -1[]-1  -1[]-1  -1[]-1  -1[]-1  -1[]-1  -1[]-1  -1[]-1  -1  -1  -1  -1  -1  -1  -1  -1  -1  -1  -1  -1  -1  -1  -1  -1  -1  -1  -1  -1  -1  -1  -1  -1  -1  -1  -1  -1  -1  -1  -1  -1  -1  -1  -1  -1  -1  -1  -1  -1[]-1  -1[]-1  -1[]-1  -1[]-1  -1[]-1  -1[]-1  -1[]-1  -1[]-1
[]-1  -1[]-1  -1[]-1  -1[]-1  -1[]-1  -1[]-1  -1[]-1[]-1[]-1[]-1[]-1[]-1[]-1[]-1[]-1[]-1[]-1[]-1[]-1[]-1[]-1[]-1[]-1[]-1[]-1[]-1[]-1[]-1[]-1[]-1[]-1[]-1[]-1[]-1[]-1[]-1[]-1[]-1[]-1[]-1[]-1[]-1[]-1[]-1[]-1[]-1[]-1[]-1[]-1[]-1  -1[]-1  -1[]-1  -1[]-1  -1[]-1  -1[]-1  -1[]-1  -1[]-1
[]-1  -1[]-1  -1[]-1  -1[]-1  -1[]-1  -1[]-1  -1[]-1  -1  -1  -1  -1  -1  -1  -1  -1  -1  -1  -1  -1  -1  -1  -1  -1  -1  -1  -1  -1  -1  -1  -1  -1  -1  -1  -1  -1  -1  -1  -1  -1  -1  -1  -1  -1  -1  -1  -1  -1  -1  -1  -1  -1[]-1  -1[]-1  -1[]-1  -1[]-1  -1[]-1  -1[]-1  -1[]-1
[]-1  -1[]-1  -1[]-1  -1[]-1  -1[]-1  -1[]-1  -1[]-1[]-1[]-1[]-1[]-1[]-1[]-1[]-1[]-1[]-1[]-1[]-1[]-1[]-1[]-1[]-1[]-1[]-1[]-1[]-1[]-1[]-1[]-1[]-1[]-1[]-1[]-1[]-1[]-1[]-1[]-1[]-1[]-1[]-1[]-1[]-1[]-1[]-1[]-1[]-1[]-1[]-1[]-1[]-1[]-1[]-1  -1[]-1  -1[]-1  -1[]-1  -1[]-1  -1  -1  -1[]-1
[]-1  -1[]-1  -1[]-1  -1[]-1  -1[]-1  -1[]-1  -1  -1  -1  -1  -1  -1  -1  -1  -1  -1  -1  -1  -1  -1  -1  -1  -1  -1  -1  -1  -1  -1  -1  -1  -1  -1  -1  -1  -1  -1  -1  -1  -1  -1  -1  -1  -1  -1  -1  -1  -1  -1  -1  -1  -1  -1  -1  -1[]-1  -1[]-1  -1[]-1  -1[]-1  -1[]-1  -1[]-1
[]-1  -1[]-1  -1[]-1  -1[]-1  -1[]-1  -1[]-1[]-1[]-1[]-1[]-1  -1[]-1[]-1[]-1[]-1[]-1[]-1[]-1[]-1[]-1[]-1[]-1[]-1[]-1[]-1[]-1[]-1[]-1[]-1[]-1[]-1[]-1[]-1[]-1[]-1[]-1[]-1[]-1[]-1[]-1[]-1[]-1[]-1[]-1[]-1[]-1[]-1[]-1[]-1[]-1[]-1[]-1[]-1[]-1[]-1  -1[]-1  -1[]-1  -1[]-1  -1[]-1  -1[]-1
[]-1  -1[]-1  -1[]-1  -1[]-1  -1[]-1  -1  -1  -1  -1  -1  -1  -1  -1  -1  -1  -1  -1  -1  -1  -1  -1  -1  -1  -1  -1  -1  -1  -1  -1  -1  -1  -1  -1  -1  -1  -1  -1  -1  -1  -1  -1  -1  -1  -1  -1  -1  -1  -1  -1  -1  -1  -1  -1  -1  -1  -1  -1[]-1  -1[]-1  -1[]-1  -1[]-1  -1[]-1
[]-1  -1[]-1  -1[]-1  -1[]-1  -1[]-1[]-1[]-1[]-1[]-1[]-1[]-1[]-1[]-1[]-1[]-1[]-1[]-1[]-1[]-1[]-1[]-1[]-1[]-1[]-1[]-1[]-1[]-1[]-1[]-1[]-1[]-1[]-1[]-1[]-1[]-1[]-1[]-1[]-1[]-1[]-1[]-1[]-1[]-1[]-1[]-1[]-1[]-1[]-1[]-1[]-1[]-1[]-1[]-1  -1[]-1[]-1[]-1[]-1  -1[]-1  -1[]-1  -1[]-1  -1[]-1
[]-1  -1[]-1  -1[]-1  -1[]-1  -1  -1  -1  -1  -1  -1  -1  -1  -1  -1  -1  -1  -1  -1  -1  -1  -1  -1  -1  -1  -1  -1  -1  -1  -1  -1  -1  -1  -1  -1  -1  -1  -1  -1  -1  -1  -1  -1  -1  -1  -1  -1  -1  -1  -1  -1  -1  -1  -1  -1  -1  -1  -1  -1  -1  -1[]-1  -1[]-1  -1[]-1  -1[]-1
[]-1  -1[]-1  -1[]-1  -1[]-1[]-1[]-1[]-1[]-1[]-1[]-1[]-1[]-1[]-1[]-1[]-1[]-1[]-1[]-1[]-1[]-1[]-1[]-1[]-1[]-1[]-1[]-1[]-1[]-1[]-1[]-1[]-1[]-1[]-1[]-1[]-1[]-1[]-1[]-1[]-1[]-1[]-1[]-1[]-1[]-1[]-1[]-1[]-1[]-1[]-1[]-1[]-1[]-1[]-1[]-1[]-1[]-1[]-1[]-1[]-1[]-1[]-1  -1[]-1  -1[]-1  -1[]-1
[]-1  -1[]-1  -1[]-1  -1  -1  -1  -1  -1  -1  -1  -1  -1  -1  -1  -1  -1  -1  -1  -1  -1  -1  -1  -1  -1  -1  -1  -1  -1  -1  -1  -1  -1  -1  -1  -1  -1  -1  -1  -1  -1  -1  -1  -1  -1  -1  -1  -1  -1  -1  -1  -1  -1  -1  -1  -1  -1  -1  -1  -1  -1  -1  -1  -1[]-1  -1[]-1  -1[]-1
[]-1  -1[]-1  -1[]-1[]-1[]-1[]-1[]-1[]-1[]-1[]-1[]-1[]-1[]-1[]-1[]-1[]-1[]-1[]-1[]-1[]-1[]-1[]-1[]-1[]-1[]-1[]-1[]-1[]-1[]-1[]-1[]-1[]-1[]-1[]-1[]-1[]-1[]-1[]-1[]-1[]-1[]-1[]-1[]-1[]-1[]-1[]-1[]-1[]-1[]-1[]-1[]-1[]-1[]-1[]-1[]-1[]-1[]-1[]-1[]-1[]-1[]-1[]-1[]-1[]-1  -1[]-1  -1[]-1
[]-1  -1[]-1  -1  -1  -1  -1  -1  -1  -1  -1  -1  -1  -1  -1  -1  -1  -1  -1  -1  -1  -1  -1  -1  -1  -1  -1  -1  -1  -1  -1  -1  -1  -1  -1  -1  -1  -1  -1  -1  -1  -1  -1  -1  -1  -1  -1  -1  -1  -1  -1  -1  -1  -1  -1  -1  -1  -1  -1  -1  -1  -1  -1  -1  -1  -1  -1[]-1  -1[]-1
[]-1  -1[]-1[]-1[]-1[]-1[]-1[]-1[]-1[]-1[]-1[]-1[]-1[]-1[]-1[]-1[]-1[]-1[]-1[]-1[]-1[]-1[]-1[]-1[]-1[]-1[]-1[]-1[]-1[]-1[]-1[]-1[]-1[]-1[]-1[]-1[]-1[]-1[]-1[]-1[]-1[]-1[]-1[]-1[]-1[]-1[]-1[]-1[]-1[]-1[]-1[]-1[]-1[]-1[]-1[]-1[]-1[]-1[]-1[]-1[]-1[]-1[]-1[]-1[]-1[]-1[]-1[]-1  -1[]-1
[]-1  -1  -1  -1  -1  -1  -1  -1  -1  -1  -1  -1  -1  -1  -1  -1  -1  -1  -1  -1  -1  -1  -1  -1  -1  -1  -1  -1  -1  -1  -1  -1  -1  -1  -1  -1  -1  -1  -1  -1  -1  -1  -1  -1  -1  -1  -1  -1  -1  -1  -1  -1  -1  -1  -1  -1  -1  -1  -1  -1  -1  -1  -1  -1  -1  -1  -1  -1  -1[]-1
[]-1[]-1[]-1[]-1[]-1[]-1[]-1[]-1[]-1[]-1EE-1[]-1[]-1[]-1[]-1[]-1[]-1[]-1[]-1[]-1[]-1[]-1[]-1[]-1[]-1[]-1[]-1[]-1[]-1[]-1[]-1[]-1[]-1[]-1[]-1[]-1[]-1[]-1[]-1[]-1[]-1[]-1[]-1[]-1[]-1[]-1[]-1[]-1[]-1[]-1[]-1[]-1[]-1[]-1[]-1[]-1[]-1[]-1[]-1[]-1[]-1[]-1[]-1[]-1[]-1[]-1[]-1[]-1[]-1[]-1
